2,-3,1,-1,2,2,3,2,-3,-1,2,-2,2,-2,-3,2,3,-1,-2,-1|HAWS|DAWS|{"1":1,"2":3,"3":-3,"4":1}
2,-2,-3,2,3,2,2,1,2,-2,2,3,2,1,3,-2,3,-3,3,-2|HALG|HALS|{"1":2,"2":5,"3":11,"4":-1}
2,-2,2,1,-1,1,-2,-2,-2,1,2,-1,-2,-3,1,3,3,-3,-1,-1|HBWS|HBWG|{"1":2,"2":-4,"3":-3,"4":1}
-3,-2,-3,-3,3,1,1,3,1,-2,-1,-3,-2,-1,3,-2,-1,2,3,2|DAWS|DBWS|{"1":-8,"2":4,"3":-4,"4":4}
3,2,-2,3,3,-2,3,2,3,3,-3,-2,1,1,-2,1,-1,-2,-1,1|HAWG|HAWS|{"1":9,"2":9,"3":-5,"4":-2}
3,3,3,1,-1,2,-2,-2,1,3,2,1,-2,3,-1,-3,1,-3,3,-2|HALG|HBLG|{"1":9,"2":2,"3":3,"4":-4}
3,-3,-1,-2,2,-1,-2,-3,3,3,-1,2,1,2,-1,2,2,-1,1,2|DBLS|DALS|{"1":-1,"2":0,"3":3,"4":6}
1,1,3,-1,-2,-2,3,-3,-3,-2,-1,1,3,-3,-1,-3,2,-1,1,-3|HBWG|HBLG|{"1":2,"2":-7,"3":-1,"4":-4}
-2,-1,3,-1,-3,3,3,-1,3,-3,2,-1,-1,-2,-1,2,2,-1,-1,-1|DAWS|DAWG|{"1":-4,"2":5,"3":-3,"4":1}
-2,-2,-3,-3,3,-3,2,-3,3,-3,1,2,3,2,-1,-3,2,1,2,1|DBLS|DBLG|{"1":-7,"2":-4,"3":7,"4":3}
2,3,1,2,-2,-2,-3,2,2,2,2,-3,2,2,-3,2,1,-3,-1,1|HALS|HAWS|{"1":6,"2":1,"3":0,"4":0}
-1,-3,2,-2,3,-2,-1,3,-2,3,2,-2,-3,3,-3,1,-1,-1,1,1|DAWS|HAWS|{"1":-1,"2":1,"3":-3,"4":1}
1,3,-3,-2,3,-1,2,2,-2,1,-1,-2,-3,-1,-3,-3,1,-3,3,3|HAWS|HAWG|{"1":2,"2":2,"3":-10,"4":1}
2,2,1,3,-2,1,-3,-3,-2,-3,3,1,-3,-2,2,-3,1,1,1,3|HBLS|HBWS|{"1":6,"2":-10,"3":1,"4":3}
-1,-2,1,-2,-2,-3,3,1,-1,-3,2,3,-3,-3,-2,-2,3,1,2,-3|DBWS|DBWG|{"1":-6,"2":-3,"3":-3,"4":1}
-3,-3,-2,1,2,1,3,-1,-2,-3,1,3,-3,-2,2,-3,-3,-1,1,-1|DBLG|DBWG|{"1":-5,"2":-2,"3":1,"4":-7}
2,2,-3,2,1,2,-3,-3,-2,-1,1,-1,-3,1,2,1,3,1,1,3|HBLS|HBWS|{"1":4,"2":-7,"3":0,"4":9}
2,1,2,2,3,2,-3,3,2,-3,1,-3,1,-2,-2,2,-3,-2,-2,-1|HAWG|HBWG|{"1":10,"2":1,"3":-5,"4":-6}
-1,-1,-3,-2,-3,-2,2,2,2,3,-3,-3,2,-1,3,1,2,-2,-3,-2|DAWG|DALG|{"1":-10,"2":7,"3":-2,"4":-4}
-2,3,2,3,-3,-2,1,-3,-3,-1,1,-3,3,-3,-2,-2,-2,-1,1,-1|HBWG|DBWG|{"1":3,"2":-8,"3":-4,"4":-5}
-2,-1,-2,-3,-2,-2,-3,-3,2,-1,1,-3,-1,-3,3,1,-3,2,-1,3|DBWS|DBWG|{"1":-10,"2":-7,"3":-3,"4":2}
2,-3,1,-3,-1,2,1,2,1,-2,3,1,2,3,-2,-1,-1,-3,-1,-3|DALG|HALG|{"1":-4,"2":4,"3":7,"4":-9}
3,3,-2,-2,-2,-1,-1,-1,-1,-2,1,-1,-2,1,1,2,-2,1,2,2|DBLS|HBLS|{"1":0,"2":-6,"3":0,"4":5}
1,3,1,3,2,-2,-3,1,-3,3,-2,-1,2,1,-2,2,-1,-3,1,-1|HBWG|HBLG|{"1":10,"2":-4,"3":-2,"4":-2}
-2,-1,-2,-1,2,3,-3,3,-2,1,-2,-2,3,1,3,-1,-1,-3,1,2|DALG|DBLG|{"1":-4,"2":2,"3":3,"4":-2}
-1,3,-1,-2,2,-2,2,-2,-3,2,2,-2,-3,3,3,-2,3,3,-1,3|HBLS|DBLS|{"1":1,"2":-3,"3":3,"4":6}
3,-1,2,3,1,-3,-2,1,-2,-2,1,2,-2,1,3,-3,2,3,3,-1|HBLS|HBLG|{"1":8,"2":-8,"3":5,"4":4}
1,2,-3,2,-1,-3,-3,-3,3,-2,2,1,3,-2,1,-3,-2,2,-1,1|HBLG|DBLG|{"1":1,"2":-8,"3":5,"4":-3}
-3,1,3,1,2,-3,-3,1,-3,1,-3,2,1,-3,2,1,3,-2,1,-1|HBWS|HBLS|{"1":4,"2":-7,"3":-1,"4":2}
-2,3,-2,-3,3,3,3,1,-1,-1,-2,2,-3,3,2,3,-1,1,-1,3|DALS|HALS|{"1":-1,"2":5,"3":2,"4":5}
1,3,2,1,-2,2,-3,-1,-2,2,3,-2,2,1,1,3,3,1,-3,3|HBLS|HALS|{"1":5,"2":-2,"3":5,"4":7}
3,3,-3,-2,-2,1,-2,-2,3,-2,-2,3,-3,3,-2,-2,-3,2,-2,-2|DBWG|HBWG|{"1":-1,"2":-2,"3":-1,"4":-7}
1,-3,-3,-1,1,-1,1,-1,-1,-2,2,3,-3,2,2,2,-1,-3,-2,-1|DBLG|DALG|{"1":-5,"2":-4,"3":6,"4":-5}
2,3,1,-2,3,-3,3,2,-1,1,3,1,-3,3,-2,3,1,-3,-2,-1|HALG|HBLG|{"1":7,"2":2,"3":2,"4":-2}
-3,1,3,1,-2,-2,-3,-1,-3,-3,3,-2,2,-3,-3,1,2,3,-2,-1|HBWS|DBWS|{"1":0,"2":-12,"3":-3,"4":3}
-3,3,1,3,1,-3,-3,-2,-3,-1,-1,2,-3,-3,-2,-1,-3,-2,-2,-3|HBWG|DBWG|{"1":5,"2":-12,"3":-7,"4":-11}
-2,3,-2,-1,3,1,-3,-1,-2,1,2,2,-3,-1,2,-2,2,3,2,2|HBLS|DBLS|{"1":1,"2":-4,"3":2,"4":7}
2,1,3,3,2,-1,-3,3,3,3,3,-1,2,1,2,2,-3,1,1,3|HALS|HALG|{"1":11,"2":5,"3":7,"4":4}
3,2,3,3,1,3,-3,3,-1,3,2,2,2,2,3,-1,-1,2,2,-3|HALG|HALS|{"1":12,"2":5,"3":11,"4":-1}
-1,3,1,3,-1,3,-3,-3,2,-2,3,-2,-3,3,-1,3,1,-2,2,3|HBWS|HBLS|{"1":5,"2":-3,"3":0,"4":7}
-2,-3,-3,2,2,2,2,2,3,-2,1,2,-2,1,-3,3,-3,-1,-3,2|DAWG|DALG|{"1":-4,"2":7,"3":-1,"4":-2}
1,-2,2,-3,-2,2,1,-2,-1,3,-3,-2,3,3,-1,3,3,1,3,2|DAWS|DALS|{"1":-4,"2":3,"3":0,"4":12}
-1,-2,1,-1,2,-1,2,1,1,-1,2,2,-1,-3,-1,2,-1,-1,2,3|DAWS|HAWS|{"1":-1,"2":2,"3":-1,"4":5}
-2,2,2,-1,3,-3,2,1,-1,-3,-2,-2,-3,3,3,3,-1,3,1,3|HBWS|HBLS|{"1":4,"2":-4,"3":-1,"4":9}
-3,3,-2,-1,-1,-2,-2,-1,2,1,3,-1,3,1,2,2,-1,3,-3,-3|DBLG|DALG|{"1":-4,"2":-2,"3":8,"4":-2}
1,-3,1,1,-2,-3,-1,-2,2,1,1,3,-2,3,-1,-1,-1,1,-2,3|DBLG|DBLS|{"1":-2,"2":-3,"3":4,"4":0}
-2,1,2,2,1,-2,1,1,-1,-2,3,-3,-1,1,2,-3,3,-1,-2,3|HBLG|HBLS|{"1":4,"2":-3,"3":2,"4":0}
1,-1,-2,3,2,1,-2,3,-2,-2,-1,-2,1,-2,1,3,2,-3,2,-2|HBWS|HAWS|{"1":3,"2":-2,"3":-3,"4":2}
-2,-1,3,1,-1,3,2,-2,3,1,-1,2,-2,3,2,-1,-1,3,-3,1|DALG|HALG|{"1":0,"2":7,"3":4,"4":-1}
-2,2,-2,2,2,-1,-2,1,-3,2,2,-2,3,1,2,1,-2,-2,3,-2|HBLG|DBLG|{"1":2,"2":-3,"3":6,"4":-2}
-2,-3,2,1,-2,-3,-1,-3,-1,2,3,1,1,3,3,-1,1,3,-1,2|DBLS|HBLS|{"1":-4,"2":-6,"3":11,"4":4}
2,-3,2,3,1,-2,1,2,-3,-2,-3,-3,2,-2,3,2,-2,-3,-2,3|HBWG|HBWS|{"1":5,"2":-4,"3":-3,"4":-2}
1,2,-1,2,-3,-1,-3,-3,-1,-3,3,-2,1,2,-2,-3,3,3,1,1|HBLS|DBLS|{"1":1,"2":-11,"3":2,"4":5}
-1,1,-2,1,-2,3,3,-2,-2,-3,2,-1,2,3,3,2,1,1,3,2|DBLS|DALS|{"1":-3,"2":-1,"3":9,"4":9}
1,-3,-3,1,-2,-1,2,-1,3,-1,-2,2,-3,2,2,3,-2,3,-3,2|DALS|DAWS|{"1":-6,"2":2,"3":1,"4":3}
2,3,1,3,3,-1,-2,-2,-2,-1,2,3,3,1,-3,-1,1,2,1,3|HBLS|HBWS|{"1":12,"2":-8,"3":6,"4":6}
-1,3,-1,-1,2,-3,-3,-3,-2,-2,2,3,-1,2,-1,-1,1,-3,1,-2|HBLG|DBLG|{"1":2,"2":-13,"3":5,"4":-4}
-3,2,3,-2,2,1,3,3,2,-3,-3,2,2,1,3,1,1,-1,2,1|HALS|DALS|{"1":2,"2":6,"3":5,"4":4}
-1,-2,2,-1,2,-2,2,2,2,-2,2,3,2,3,3,-2,-2,1,-2,-3|DALG|HALG|{"1":0,"2":2,"3":13,"4":-8}
3,2,2,-3,-2,2,-1,1,2,-2,2,3,3,1,-2,1,2,1,2,-3|HALS|DALS|{"1":2,"2":2,"3":7,"4":3}
-3,1,-3,-3,-1,2,-2,-2,-1,-3,-1,-2,-3,-1,-2,2,3,-3,2,-1|DBWS|DBWG|{"1":-9,"2":-6,"3":-9,"4":3}
-3,1,3,1,3,3,1,1,2,3,-1,-2,-3,-1,-2,-1,3,1,1,1|HAWS|DAWS|{"1":5,"2":10,"3":-9,"4":5}
-1,3,2,1,1,-1,3,-1,-3,-1,-3,1,-2,2,1,1,-2,2,1,-1|HBWS|HBLS|{"1":6,"2":-3,"3":-1,"4":1}
-3,1,-2,2,1,-2,-2,2,-1,-1,3,-3,3,3,-3,-3,2,-1,-1,-3|DBLG|HBLG|{"1":-1,"2":-4,"3":3,"4":-6}
2,-3,3,3,-2,2,2,1,3,-2,-2,-2,2,-3,-2,3,2,-2,-2,1|HAWS|HAWG|{"1":3,"2":6,"3":-7,"4":2}
2,-1,-2,-2,1,2,-3,2,1,-1,-2,3,2,1,-3,-3,-1,-3,2,1|DALG|DBLG|{"1":-2,"2":1,"3":1,"4":-4}
2,-3,2,-2,-1,-2,-3,1,-2,-1,3,-2,2,2,-2,3,1,1,3,1|DBLS|HBLS|{"1":-2,"2":-7,"3":3,"4":9}
1,2,-1,-2,2,-2,2,2,-1,2,-3,1,-1,-1,-3,3,1,-3,1,3|HAWS|DAWS|{"1":2,"2":3,"3":-7,"4":5}
-1,3,-3,2,-2,-2,-2,-3,3,3,-1,1,2,-2,3,3,-2,2,-1,1|DBLS|HBLS|{"1":-1,"2":-1,"3":3,"4":3}
-1,-3,1,-1,-2,-1,1,-1,2,-2,-2,3,-2,2,-3,1,1,1,2,2|DBWS|DAWS|{"1":-6,"2":-1,"3":-2,"4":7}
-3,2,2,-2,3,-2,2,1,1,-3,-2,1,-2,1,-1,2,-1,-2,2,-3|HBWG|HAWG|{"1":2,"2":-1,"3":-3,"4":-2}
-2,2,3,2,3,-3,-1,3,-1,2,-1,-1,-1,-2,-3,3,1,-1,-1,3|HBWS|HAWS|{"1":8,"2":0,"3":-8,"4":5}
3,3,-3,1,3,1,3,2,3,-1,3,-1,-3,1,-1,2,1,-2,-3,-2|HAWG|HALG|{"1":7,"2":8,"3":-1,"4":-4}
2,3,-3,2,1,1,-2,2,-2,2,-2,3,1,2,-2,-2,-2,2,2,-1|HALG|HBLG|{"1":5,"2":1,"3":2,"4":-1}
-3,-2,-3,-2,1,-3,-1,-2,2,1,2,-3,1,3,1,-1,2,-1,-2,2|DBLG|DBLS|{"1":-9,"2":-3,"3":4,"4":0}
-3,-2,-2,3,2,-2,-1,2,3,2,3,1,2,-2,3,-3,2,3,-1,-1|DALG|DALS|{"1":-2,"2":4,"3":7,"4":0}
-1,-1,-3,3,1,1,-2,-1,1,-2,1,1,2,-3,2,2,-3,-1,2,1|DBLS|HBLS|{"1":-1,"2":-3,"3":3,"4":1}
1,1,1,3,-1,3,2,2,1,3,2,-3,2,-3,-3,-2,1,-3,-2,-1|HAWG|DAWG|{"1":5,"2":11,"3":-5,"4":-7}
1,-3,-3,-1,2,2,2,3,-1,1,3,-3,2,-2,1,1,3,-2,-1,2|DALS|DAWS|{"1":-4,"2":7,"3":1,"4":3}
1,1,-1,-2,2,-1,-1,3,2,-1,2,1,-1,3,-1,2,1,-3,3,3|HALS|DALS|{"1":1,"2":2,"3":4,"4":6}
-2,1,-3,2,-3,3,-2,2,-3,-3,-1,3,2,-3,-2,1,3,2,1,-3|DBWS|DBLS|{"1":-5,"2":-3,"3":-1,"4":4}
-1,1,3,3,3,1,3,-1,-3,-2,2,-1,2,1,1,-2,-2,3,-3,-1|HBLG|HALG|{"1":9,"2":-2,"3":5,"4":-5}
2,3,3,-3,-3,3,-3,-2,1,-3,1,-3,2,-2,-3,1,2,1,-1,-2|HBWS|HBWG|{"1":2,"2":-4,"3":-5,"4":1}
1,2,2,1,-2,-1,2,3,-3,2,3,1,-2,-2,-2,2,-1,-2,1,3|HAWS|HALS|{"1":4,"2":3,"3":-2,"4":3}
1,1,3,1,2,-2,-3,3,-2,-1,3,-1,3,3,-1,3,-1,1,3,-3|HBLS|HBLG|{"1":8,"2":-5,"3":7,"4":3}
-2,2,-2,-3,3,-2,-3,3,1,-1,3,-3,3,3,-2,1,1,3,-1,-1|DBLS|HBLS|{"1":-2,"2":-2,"3":4,"4":3}
1,3,2,2,-3,3,-2,1,-2,2,-1,3,-3,-3,-3,-2,2,1,2,-2|HAWS|HAWG|{"1":5,"2":2,"3":-7,"4":1}
-1,2,-3,1,3,-2,3,-3,2,-2,-3,3,-3,2,1,-3,1,-1,3,1|HBLS|HBWS|{"1":2,"2":-2,"3":0,"4":1}
1,1,1,1,-3,1,-1,-2,-3,-3,3,-1,2,3,3,2,-1,-2,3,2|HBLS|DBLS|{"1":1,"2":-8,"3":10,"4":4}
-3,1,3,1,3,-1,2,1,-1,1,3,-3,-1,1,2,2,3,-3,-1,1|HALS|HBLS|{"1":5,"2":2,"3":2,"4":2}
-3,1,1,-1,-2,-2,1,-1,3,1,-3,-1,-1,-1,3,-1,-2,-3,-3,-2|DAWG|DBWG|{"1":-4,"2":2,"3":-3,"4":-11}
-2,2,3,2,-3,2,-3,-2,2,3,-3,-2,-3,-3,-3,-3,3,-2,-2,2|HAWG|DAWG|{"1":2,"2":2,"3":-14,"4":-2}
2,3,1,-1,-2,1,1,-3,-3,-1,-2,3,2,-1,-3,-2,-2,-2,3,-1|HBWG|HBLG|{"1":3,"2":-5,"3":-1,"4":-4}
-2,-3,-3,-1,3,-3,-3,-3,-2,-3,-1,2,2,2,-2,2,2,-3,2,-2|DBLS|DBLG|{"1":-6,"2":-14,"3":3,"4":1}
-1,3,-1,-1,3,-3,3,2,3,-3,-3,-1,3,3,1,-3,3,3,1,-1|HALS|HBLS|{"1":3,"2":2,"3":3,"4":3}
2,1,3,-2,-1,-1,1,-3,1,2,-1,-1,-1,3,-1,3,2,2,1,2|HAWS|HBWS|{"1":3,"2":0,"3":-1,"4":10}
3,3,-2,-2,-2,-1,3,-1,2,2,1,-2,2,3,-3,2,1,-3,3,-1|DALS|HALS|{"1":0,"2":5,"3":1,"4":2}
3,-3,-1,-1,-3,3,3,1,3,-2,2,2,-1,-2,-2,-3,1,-1,2,-3|DAWG|DALG|{"1":-5,"2":8,"3":-1,"4":-4}
-3,-2,-2,-2,3,3,3,1,2,1,-1,2,-3,-3,-2,-2,-2,-2,2,-2|DAWG|HAWG|{"1":-6,"2":10,"3":-7,"4":-6}
-2,1,-3,-3,-2,-1,2,2,3,2,-2,3,2,2,-3,-3,-1,2,1,1|DALS|DALG|{"1":-9,"2":8,"3":2,"4":0}
3,2,2,-3,-3,2,-1,-1,-3,2,-2,-3,2,1,3,-1,1,-1,2,1|HBLS|DBLS|{"1":1,"2":-1,"3":1,"4":2}
-2,2,2,3,2,1,1,3,3,1,1,1,-2,2,3,-3,-3,2,-3,1|HALG|HAWG|{"1":7,"2":9,"3":5,"4":-6}
-2,-2,2,-1,-1,-3,-3,-3,-1,-3,3,-2,3,-3,-3,-2,-2,1,3,1|DBWS|DBWG|{"1":-4,"2":-13,"3":-2,"4":1}
-1,1,3,3,-2,-2,-1,-2,-1,-2,-3,3,2,-2,-2,1,-2,2,2,-3|HBWS|HBWG|{"1":4,"2":-8,"3":-2,"4":0}
-2,1,3,1,-3,-3,-3,3,1,2,-1,-1,-2,-3,1,1,1,3,3,-1|HAWS|DAWS|{"1":0,"2":0,"3":-6,"4":7}
2,2,2,1,-2,-1,3,3,3,-1,-3,-1,-3,1,2,3,2,-1,1,-1|HAWS|HALS|{"1":5,"2":7,"3":-4,"4":4}
3,2,3,-3,2,-1,-1,3,-3,1,-1,1,1,-1,3,1,-1,3,-2,-2|HBLG|HALG|{"1":7,"2":-1,"3":3,"4":-1}
-1,-1,-3,2,-3,-3,3,-1,3,1,1,-3,-1,1,2,-2,-2,-1,2,-2|DALG|DAWG|{"1":-6,"2":3,"3":0,"4":-5}
-3,2,-1,-1,-1,-1,-1,2,1,-3,1,3,1,1,2,3,3,2,2,-2|DBLS|DALS|{"1":-4,"2":-2,"3":8,"4":8}
3,-3,3,-1,1,-1,-1,3,2,-2,-1,2,-3,1,-1,2,-1,-3,3,-2|HAWG|HBWG|{"1":3,"2":1,"3":-2,"4":-1}
-2,-2,-3,2,2,-3,1,3,-3,-3,1,2,1,-1,1,1,-1,3,-2,3|DBLS|HBLS|{"1":-3,"2":-5,"3":4,"4":4}
1,-2,-1,-3,-3,-1,3,-2,-2,3,2,-3,-2,1,3,2,2,1,-2,1|DALS|DBLS|{"1":-8,"2":1,"3":1,"4":4}
3,-3,-3,2,1,3,-2,3,1,-3,3,-2,-2,-1,-2,-2,2,2,-3,-3|HAWG|DAWG|{"1":0,"2":2,"3":-4,"4":-4}
3,-2,-3,-1,2,-1,1,-1,2,1,1,-1,-3,-2,-2,1,-1,2,-3,3|DAWS|HAWS|{"1":-1,"2":2,"3":-7,"4":2}
-2,1,2,-1,-3,-3,2,1,3,2,-1,2,3,2,2,3,3,-2,1,3|DALS|HALS|{"1":-3,"2":5,"3":8,"4":8}
-1,-1,-2,3,2,2,1,3,-1,-2,2,-2,-1,-2,-2,3,-3,-2,-2,2|HAWG|DAWG|{"1":1,"2":3,"3":-5,"4":-2}
-3,-2,1,-1,-2,2,-1,2,1,-1,-2,2,-2,3,-1,-3,-2,2,1,1|DAWG|DALG|{"1":-7,"2":3,"3":0,"4":-1}
3,1,1,2,2,-1,-3,-1,-1,3,3,-1,3,-3,1,1,2,-2,-3,1|HBLG|HBLS|{"1":9,"2":-3,"3":3,"4":-1}
1,-2,-1,-1,1,-1,3,-3,-1,-3,-2,1,1,-3,1,2,1,-2,3,1|DBWS|HBWS|{"1":-2,"2":-5,"3":-2,"4":5}
-2,-1,2,3,2,3,3,3,-1,3,3,2,2,-2,3,3,1,1,3,3|HALS|DALS|{"1":4,"2":11,"3":8,"4":11}
1,-1,1,-3,-1,1,3,3,3,-3,1,-3,-1,-1,-3,-1,-1,3,-2,1|DAWG|DAWS|{"1":-3,"2":7,"3":-7,"4":0}
1,-3,-3,2,-1,1,-2,-2,-2,-2,-1,1,-2,1,-1,3,-1,3,1,-3|DBWS|DBLS|{"1":-4,"2":-7,"3":-2,"4":3}
1,-2,1,1,-1,2,2,3,-2,1,3,-3,1,2,3,1,1,2,1,-1|HALS|DALS|{"1":0,"2":6,"3":6,"4":4}
2,3,2,-1,-1,3,1,1,-1,-3,1,-3,2,3,3,2,1,-1,-3,1|HALS|HALG|{"1":5,"2":1,"3":6,"4":0}
2,-2,-2,2,1,-2,-1,2,-2,-1,-3,1,-1,-3,2,-2,3,-1,2,-2|HBWG|HBWS|{"1":1,"2":-4,"3":-4,"4":0}
3,3,3,-1,3,3,-2,2,1,3,-2,-2,-2,-3,3,1,-1,1,3,1|HAWS|HAWG|{"1":11,"2":7,"3":-6,"4":5}
-3,-1,-1,-1,-2,3,2,-2,3,2,3,3,1,3,2,1,2,3,2,-3|DALS|DALG|{"1":-8,"2":8,"3":12,"4":5}
1,-1,2,-1,2,3,-1,-3,-1,-2,-1,-1,2,-2,-3,-2,-2,-1,1,-3|HBWG|DBWG|{"1":3,"2":-4,"3":-5,"4":-7}
3,2,2,2,-3,1,-2,-2,-2,3,2,-2,1,3,3,-3,3,2,2,-3|HBLS|HBLG|{"1":6,"2":-2,"3":7,"4":1}
3,-2,-3,-2,-3,-3,2,2,-1,-1,-3,-3,3,-3,3,3,-1,-1,-2,3|DBWS|DAWS|{"1":-7,"2":-1,"3":-3,"4":2}
3,2,-2,2,-1,3,-3,1,-2,-2,-3,-1,-2,-2,-2,-2,2,2,-1,-2|HBWG|HBWS|{"1":4,"2":-3,"3":-10,"4":-1}
-3,-1,-2,3,1,-2,3,3,1,2,1,-3,-1,-1,1,2,3,1,-3,-3|DAWS|DAWG|{"1":-2,"2":7,"3":-3,"4":0}
1,1,3,-1,1,-2,2,-1,-1,1,1,1,3,2,-3,2,-3,1,2,2|HBLS|HALS|{"1":5,"2":-1,"3":4,"4":4}
2,-1,-3,3,3,-1,3,2,1,-2,3,3,-3,3,3,1,-3,-3,-1,3|HALG|HBLG|{"1":4,"2":3,"3":9,"4":-3}
1,-2,3,-3,-1,3,-3,2,-2,3,-2,-1,3,-3,3,-2,-2,3,1,-1|DAWG|DALG|{"1":-2,"2":3,"3":0,"4":-1}
-2,-3,3,2,-3,3,2,-1,2,2,-1,3,-2,3,2,3,-1,-2,3,-1|DALS|DALG|{"1":-3,"2":8,"3":5,"4":2}
-2,-2,1,-1,1,3,-2,1,1,1,2,2,3,-1,-3,2,-2,-2,-3,-2|DALG|HALG|{"1":-3,"2":4,"3":3,"4":-7}
3,2,2,2,-1,2,-1,2,-2,1,1,-2,2,-3,-1,3,-3,3,-1,-3|HAWG|HAWS|{"1":8,"2":2,"3":-3,"4":-1}
-3,2,2,2,1,-2,3,-3,3,2,-3,3,-1,3,1,-1,-3,1,-1,-2|HALG|HBLG|{"1":4,"2":3,"3":3,"4":-6}
2,1,3,3,-2,3,-1,-2,1,-2,-1,-1,-2,2,1,1,-2,-1,1,1|HBWS|HBWG|{"1":7,"2":-1,"3":-1,"4":0}
-3,-2,3,3,2,2,2,3,-1,-1,1,2,-2,1,1,2,-2,-3,2,2|HALS|HALG|{"1":3,"2":5,"3":3,"4":1}
-2,-3,-3,-3,-2,-3,2,-3,1,3,-2,1,-1,3,-3,-3,3,-2,-3,1|DAWG|DBWG|{"1":-13,"2":0,"3":-2,"4":-4}
3,-1,-2,-1,-2,-2,-1,-1,-2,2,2,-1,-1,2,-3,-2,-2,-3,-3,1|DBWG|DBLG|{"1":-3,"2":-4,"3":-1,"4":-9}
-1,1,2,-1,1,-2,2,1,1,1,-3,1,-3,1,3,-1,2,-3,-2,2|HAWG|HALG|{"1":2,"2":3,"3":-1,"4":-2}
3,1,1,1,-2,-2,1,2,-2,2,1,1,-2,-3,3,3,2,-2,3,1|HALS|HAWS|{"1":4,"2":1,"3":0,"4":7}
-3,1,1,-3,-2,-3,3,-3,-2,2,3,-2,3,-1,3,2,1,-1,1,-2|DBLS|DBLG|{"1":-6,"2":-3,"3":6,"4":1}
1,3,1,-2,3,2,3,-2,-3,2,1,-3,-3,2,1,-1,1,3,2,-3|HAWS|HBWS|{"1":6,"2":2,"3":-2,"4":2}
-1,2,2,1,-3,-3,3,-1,-1,-2,-1,3,-3,-3,3,2,3,2,-2,1|HBWS|DBWS|{"1":1,"2":-4,"3":-1,"4":6}
3,2,-2,3,-2,2,1,3,1,1,-2,-3,2,-1,3,3,-3,-1,-3,-3|HAWG|HALG|{"1":4,"2":8,"3":-1,"4":-7}
-2,3,1,-2,-2,3,2,1,-3,-3,-1,1,-1,2,-1,3,2,-2,2,-1|DAWS|DBWS|{"1":-2,"2":0,"3":0,"4":4}
3,1,-1,-3,-1,1,3,-1,2,1,-2,2,-3,1,1,2,-3,2,-1,3|DAWS|HAWS|{"1":-1,"2":6,"3":-1,"4":3}
2,2,-3,2,3,-1,-3,-3,2,-2,-2,3,-3,-1,1,-2,1,-2,2,1|HBWS|HBWG|{"1":6,"2":-7,"3":-2,"4":0}
2,-3,3,3,-2,-3,3,-1,2,-3,1,2,-1,-1,2,1,-1,-1,-1,3|HBLS|HBLG|{"1":3,"2":-2,"3":3,"4":1}
-3,2,2,-1,1,-2,1,-2,-3,-2,3,3,1,-3,1,3,-2,2,-2,1|HBLS|DBLS|{"1":1,"2":-8,"3":5,"4":2}
-1,-2,1,-2,2,3,2,1,-3,-2,-3,3,1,-3,-3,3,1,2,2,3|DAWS|DBWS|{"1":-2,"2":1,"3":-5,"4":11}
-3,2,1,-3,3,3,-3,3,-2,-3,-3,-3,-1,2,1,-3,-1,1,1,3|HBWS|DBWS|{"1":0,"2":-2,"3":-4,"4":1}
-1,1,2,-3,-1,-3,-3,-1,1,2,-1,-1,2,-1,2,2,-1,2,3,2|DBLS|DBWS|{"1":-2,"2":-4,"3":1,"4":8}
-2,-1,3,-1,3,2,2,2,1,1,-1,3,2,3,1,2,2,3,3,-1|HALS|DALS|{"1":2,"2":8,"3":8,"4":9}
2,-1,1,-2,2,-3,3,2,-2,3,-2,1,3,-3,-2,-2,-1,-1,-1,1|HAWG|DAWG|{"1":2,"2":3,"3":-3,"4":-4}
1,-1,2,-3,3,-2,3,3,2,-3,-1,-2,-3,3,-1,-2,-2,-1,-1,1|HAWG|DAWG|{"1":2,"2":3,"3":-4,"4":-5}
-1,3,3,1,-3,-1,-1,-3,2,1,3,2,-2,-3,2,-2,-1,1,1,1|HBLS|HBLG|{"1":3,"2":-2,"3":2,"4":0}
-3,-1,-1,3,1,-3,-1,-3,1,1,-2,-2,-1,1,1,-1,-1,1,-2,-3|DBWG|HBWG|{"1":-1,"2":-5,"3":-3,"4":-6}
2,1,-3,1,3,-2,-1,-1,3,1,1,-1,-3,-1,-2,3,3,-1,-3,2|HBWS|HAWS|{"1":4,"2":0,"3":-6,"4":4}
-3,2,-2,-2,2,1,2,-1,3,-1,-3,2,-1,-1,3,3,2,-2,1,-1|DAWS|DALS|{"1":-3,"2":4,"3":0,"4":3}
-3,-3,2,2,-3,1,-1,3,-1,-3,-3,-2,-2,1,-1,-2,3,-3,-3,3|DBWG|DAWG|{"1":-5,"2":-1,"3":-7,"4":-2}
-3,-3,2,-1,2,-1,3,-2,-3,-2,2,-1,-2,-1,-1,-1,-1,-1,-2,3|DBWG|DBWS|{"1":-3,"2":-5,"3":-3,"4":-2}
-1,1,2,-3,1,2,-3,-2,1,1,3,-1,2,2,-2,2,-2,1,-2,3|HBLS|DBLS|{"1":0,"2":-1,"3":4,"4":2}
1,-3,1,-3,1,-1,-2,1,-1,1,-2,1,3,-1,3,2,2,3,-1,-3|DBLS|DALS|{"1":-3,"2":-2,"3":4,"4":3}
2,1,-2,2,-3,-3,-3,1,-1,-3,-2,-2,1,-1,1,-1,-2,-1,-3,1|HBWG|DBWG|{"1":0,"2":-9,"3":-3,"4":-6}
-1,1,-3,3,1,1,3,2,2,-1,-3,1,3,-3,1,1,-3,-1,3,-1|HAWG|DAWG|{"1":1,"2":7,"3":-1,"4":-1}
-1,2,2,-2,-1,-2,-3,-1,-3,1,-1,-2,1,-2,-2,-2,-3,-1,-1,-2|DBWG|HBWG|{"1":0,"2":-8,"3":-6,"4":-9}
-3,1,-2,-3,1,3,-3,3,-3,-3,2,-3,-1,-1,-2,-1,2,-3,-1,-1|DBWG|DAWG|{"1":-6,"2":-3,"3":-5,"4":-4}
-2,-1,-2,3,-2,-2,-1,-2,-3,-1,1,-3,-3,3,3,-2,-1,1,3,-1|DBLG|DBLS|{"1":-4,"2":-9,"3":1,"4":0}
2,-2,-3,-1,1,-3,1,-1,1,1,-2,1,-2,1,2,-3,1,1,-3,-3|DBLG|DBWG|{"1":-3,"2":-1,"3":0,"4":-7}
3,2,3,-3,1,1,1,-3,2,-3,3,-2,1,-2,-1,1,3,-3,-2,3|HBWS|HBLS|{"1":6,"2":-2,"3":-1,"4":2}
3,1,-1,1,3,2,-3,-1,-3,1,-2,-1,1,-2,1,-1,-3,3,-2,2|HBWG|HBWS|{"1":7,"2":-4,"3":-3,"4":-1}
-3,3,-2,-1,-2,1,3,1,-2,-3,2,-3,-2,-1,-3,-2,-3,2,2,-2|DAWG|DBWG|{"1":-5,"2":0,"3":-7,"4":-3}
1,-2,1,-1,-2,3,-2,3,2,3,1,1,2,-1,-1,3,-1,-3,-3,2|DALG|DAWG|{"1":-3,"2":9,"3":2,"4":-2}
-3,-1,-1,-1,1,-1,2,1,-1,2,-3,-1,1,2,-3,-3,-3,2,3,1|DAWS|DAWG|{"1":-5,"2":3,"3":-4,"4":0}
3,1,3,2,3,1,2,2,-1,2,1,-1,-1,-1,1,2,-3,1,-3,-3|HAWG|HALG|{"1":12,"2":6,"3":-1,"4":-6}
2,-1,-2,3,-3,-2,-3,-3,-1,-2,-2,1,-1,3,-3,-1,-3,-1,-1,-2|DBWG|HBWG|{"1":-1,"2":-11,"3":-2,"4":-8}
2,1,-2,1,-3,-2,2,1,2,2,-3,3,2,3,1,-2,3,1,-2,2|DALS|HALS|{"1":-1,"2":5,"3":6,"4":2}
-1,1,3,-2,3,-3,3,-3,2,-1,3,-2,2,2,2,-2,-2,-3,3,-2|HBLG|HALG|{"1":4,"2":-2,"3":7,"4":-6}
1,1,-1,-3,1,-1,2,-2,-2,3,3,3,2,1,-1,-2,3,-3,-3,-1|DBLG|DALG|{"1":-1,"2":0,"3":8,"4":-6}
-3,-3,1,2,-3,-1,-3,3,2,3,-2,-3,1,3,-3,-3,2,3,3,3|DAWS|DBWS|{"1":-6,"2":4,"3":-4,"4":8}
-2,3,-3,-3,3,3,-1,-1,2,-1,1,2,-2,-3,-3,2,1,-3,2,1|DAWS|HAWS|{"1":-2,"2":2,"3":-5,"4":3}
-2,2,2,-1,2,-3,3,1,3,-3,-1,-1,3,2,-1,3,-3,3,-3,-2|HALG|HBLG|{"1":3,"2":1,"3":2,"4":-2}
2,-3,1,-3,1,2,1,1,-3,-1,-2,-2,2,3,1,-3,3,3,2,-2|DALS|DBLS|{"1":-2,"2":0,"3":2,"4":3}
-1,-2,3,-1,2,3,-2,2,3,3,-3,3,-2,-1,2,1,1,-2,-2,-2|HAWG|DAWG|{"1":1,"2":9,"3":-1,"4":-4}
3,-1,-2,1,3,-1,3,-3,-3,2,3,2,2,1,3,-1,1,-3,2,-2|HBLG|HALG|{"1":4,"2":-2,"3":11,"4":-3}
2,-2,1,3,2,2,-2,3,-1,-3,-3,-3,-3,-1,2,-2,-1,1,-3,-3|HBWG|HAWG|{"1":6,"2":-1,"3":-8,"4":-8}
-3,-1,2,-3,-2,2,-3,-3,-2,3,1,-3,-1,2,1,-2,-1,-3,2,-1|DBLG|DBWG|{"1":-7,"2":-3,"3":0,"4":-5}
1,2,2,1,2,1,-3,-1,3,-3,2,3,-1,2,3,-2,-3,-2,-1,2|HBLG|HALG|{"1":8,"2":-3,"3":9,"4":-6}
1,-3,-3,3,-3,-2,-2,-1,2,2,2,3,-1,-1,-2,-1,-2,2,2,3|DBLS|DALS|{"1":-5,"2":-1,"3":1,"4":4}
3,1,-1,1,-1,-1,3,1,1,-3,-3,2,3,1,-1,-1,-1,3,2,3|HALS|HBLS|{"1":3,"2":1,"3":2,"4":6}
3,2,2,1,-3,-1,1,-3,-3,-3,2,-2,3,-2,-1,-2,3,-1,3,-3|HBWG|HBLG|{"1":5,"2":-9,"3":0,"4":0}
3,3,-2,-1,1,1,1,1,-3,-3,1,2,3,3,-3,-3,-3,1,2,1|HBLG|HBLS|{"1":4,"2":-3,"3":6,"4":-2}
-3,3,-1,-3,-2,-3,-3,-3,2,2,2,-3,-3,1,2,-1,1,-2,-2,-2|DBWG|DBLG|{"1":-6,"2":-5,"3":-1,"4":-6}
3,3,1,3,-2,3,-2,2,2,-1,-1,-1,2,3,-1,-1,-3,1,2,1|HALS|HALG|{"1":8,"2":4,"3":2,"4":0}
-1,1,1,-3,3,3,-1,-2,1,-1,-1,-2,-1,-3,3,-2,-1,-1,-3,-2|HBWG|HAWG|{"1":1,"2":0,"3":-4,"4":-9}
